Molecule Name	Condition_1-1	Condition_1-2	Condition_1-3	Condition_2-1	Condition_2-2	Condition_2-3	Condition_3-1	Condition_3-2	Condition_3-3	Condition_4-1	Condition_4-2	Condition_4-3	Control-1	Control-2	Control-3
Apex Time - 4.4357 - Resp	24.59349758	24.37791109	24.54912554	24.32723295	24.45382243	24.60232445	24.38296494	24.45357022	24.31331308	24.68259525	24.66911683	24.68746848	24.4927851	24.5105199	24.48581786
Apex Time - 4.9632 - Resp	17.80945811	17.58708601	20.28906581	20.23754245	20.50417776	0	20.00867896	20.23280042	20.31729007	18.19774836	17.54191142	0	19.84689452	19.30690337	19.06303629
Apex Time - 5.0404 - Resp	25.88454075	23.89122895	24.1883499	23.95298383	23.74240264	25.95252565	23.9072218	23.91847929	23.96385817	25.96295119	25.87389001	25.98562722	24.21749747	24.04329544	23.96439122
Apex Time - 5.0695 - Resp	27.39463274	25.26579897	25.76159185	26.10673235	25.89180406	28.1333277	25.96954417	26.0167793	26.03837006	27.71913981	27.62322424	27.33743728	25.04232646	25.18803279	25.06213712
Apex Time - 5.3056 - Resp	25.4479884	25.18960889	25.520515	25.69847189	25.6235821	25.93896263	25.68182262	25.6510127	25.81052742	25.6916831	25.78489206	25.82858834	25.05881795	25.37784026	25.49998463
Apex Time - 5.6352 - Resp	24.27867358	24.43652799	24.69242724	24.23011778	24.18147459	24.6612536	24.29980156	24.34081798	24.68659622	24.30592248	24.87782856	24.5405196	24.41314852	24.38331672	24.40015535
Apex Time - 5.8688 - Resp	23.24855144	22.90718509	23.43971344	22.34743555	22.3281531	22.35491055	22.40666618	22.38764397	22.75679672	22.27284122	22.26378371	22.22536346	22.25176386	22.18909271	23.42040243
Apex Time - 6.0401 - Resp	24.30608042	24.26487662	24.3979644	24.21087398	24.23745047	24.32200689	24.31918073	24.28173936	24.30414739	24.41411845	24.34454127	24.35838314	24.3698405	24.35900762	24.31504735
Apex Time - 6.537 - Resp	16.86643082	18.11203873	17.8273597	17.61614353	17.73405169	18.01420809	17.97825286	17.96490035	18.09992845	17.81077596	17.97287372	18.06557049	17.66599205	17.94997999	18.13202922
Apex Time - 6.6176 - Resp	22.80125879	22.65984509	22.73110861	22.63855376	22.58036971	22.6145482	22.48892957	22.51029862	22.7035437	22.64145475	22.57731653	22.57813248	22.85153081	22.63633426	22.6249618
Lactic acid 2TMS	27.25945058	27.01117065	27.75202036	26.038674	26.16551299	26.42839129	26.72876115	26.56977635	26.90920409	25.54273244	25.51016116	25.45505528	23.92580262	24.2620856	24.32222035
Apex Time - 6.7798 - Resp	21.181411	21.11528993	0	21.06453735	21.00255153	21.06292086	21.00038275	20.98500358	21.17775157	21.07816029	21.095585	21.0753252	21.32184419	21.13769873	21.06003605
Apex Time - 6.8949 - Resp	21.88549745	22.13996224	23.07596736	22.11278648	21.88751652	21.96534742	21.89741443	21.81496481	22.39393372	22.33081491	21.79755537	22.219522	22.04668094	22.33114913	22.40228272
Apex Time - 6.9091 - Resp	22.29417098	21.94856843	21.99085526	21.89770896	21.96950657	22.14057201	21.8083547	21.85095833	22.16470541	22.03970758	22.02399627	21.99667177	21.81222985	21.73858104	21.79350404
Apex Time - 7.0056 - Resp	22.53297397	22.56853356	22.51404905	22.34731586	22.17606161	22.57989713	22.51136295	22.4290661	22.3077894	22.46664056	22.50867392	22.46308621	22.71223996	22.51935357	22.53230333
Pyruvic acid	19.70544976	19.73063006	19.58484136	20.26582312	20.36373344	20.41171108	20.221189	20.41935773	20.47142615	20.79611996	20.93353012	20.93904543	20.46572176	20.36926747	19.68980917
Apex Time - 7.1576 - Resp	23.17334049	22.83924864	23.20032183	23.00760823	22.90086081	23.18893894	22.83808733	23.04070941	22.90705615	22.97187446	23.02142635	22.91099081	22.4940106	22.8737104	22.75846326
Alanine 2TMS	29.97560202	30.99657387	31.25319423	31.70288707	31.71958411	30.5462665	31.60418471	31.68689964	31.69196962	30.45567687	30.35667012	29.88674521	30.62695953	30.87768121	30.78784606
Apex Time - 7.6987 - Resp	22.41484166	22.6589648	22.39282542	22.62445461	22.63282529	22.02564004	22.71647647	22.55576769	22.57821625	18.1616366	18.19401512	18.24860945	22.56995833	22.43113531	22.52467276
Apex Time - 7.7873 - Resp	23.05171482	23.18749872	23.38614996	23.13668049	23.20629958	23.25323404	23.16149819	23.19982931	23.47159638	23.12303239	23.16532371	23.34182035	23.15516014	23.14514126	23.2659187
Hydracrylic acid 2TMS derivative	22.95379815	22.52383535	22.49281751	21.98005038	22.17007562	22.37769239	22.01113933	21.94387945	22.43971055	22.37971529	22.41521486	22.49227909	22.02872661	22.1973772	22.32422078
L-2-aminobutyric acid 2TMS	22.92484496	22.46611446	24.54215317	23.77366775	23.81666014	23.77339482	23.53786346	23.39455237	23.75036084	23.65569085	23.82703728	23.73509408	23.31423266	23.44601264	23.30970978
Apex Time - 8.503 - Resp	19.89642661	19.11732926	18.78178409	19.89523908	19.70206761	19.73174325	19.51084208	19.5455466	19.03679973	19.57020616	19.54272883	19.7812561	19.9765936	19.15190304	19.14557882
Apex Time - 8.7559 - Resp	22.28890452	21.52133947	21.78649242	21.89966	21.7875855	22.30367631	21.62214497	21.74897874	21.73408614	22.23029517	22.25621558	22.28027733	21.9566917	21.65130731	21.57204612
Valine 2TMS	30.63742348	30.09118707	30.39331028	30.49335674	30.45823063	30.91711931	30.48056554	30.52862828	30.4648145	30.85747066	30.85432452	30.69931272	30.12646386	30.45731555	30.2526616
Urea 2TMS	27.31328328	27.19415772	26.33162163	27.65895906	27.57395308	27.16354931	27.77575373	27.764206	27.23067337	27.44777933	27.78181791	28.0055325	28.08713111	27.16774871	27.31970015
Apex Time - 9.2161 - Resp	19.81398462	19.35452466	19.43626406	19.64188351	19.90965959	19.94851684	19.84138632	19.84089064	19.73423881	19.86769663	19.97350663	20.11086003	19.78486204	19.36868602	19.47882012
Apex Time - 9.2811 - Resp	21.46105352	21.43776064	21.23904477	21.97203219	21.9668088	21.99638197	22.06357151	22.19769434	21.40662862	22.09542569	22.2109131	22.20779743	21.94731019	21.4812624	21.08111003
Leucine 2TMS	30.83783522	30.2095289	30.43402495	30.88310534	30.82424591	31.0843515	30.76414901	30.88328114	30.32581361	31.12844241	31.08262135	30.86415992	30.68828498	30.61969719	30.22139412
Isoleucine 2TMS	30.08007945	29.79031854	30.12157236	30.21684691	30.13519032	30.33129672	30.18095581	30.24305044	30.13223386	30.25777683	30.26049784	30.05952432	29.84431467	30.05427879	29.86530265
Apex Time - 9.8632 - Resp	24.5543361	23.92807488	24.39141875	25.54792857	25.506994	25.3821954	25.61622052	25.56965169	25.13134217	24.89298307	25.11115486	24.61283153	24.33667183	23.73889849	23.90314479
Proline 2TMS	29.18673904	29.41060657	29.32781731	29.50597207	29.42539711	29.46586803	29.28901794	29.46030276	29.34134397	29.60292717	29.69048078	29.54784141	29.72010046	29.92559483	29.80084106
Glycine 3TMS	30.0974121	29.72968477	29.96931336	30.30897437	30.27845246	30.3241845	30.54307356	30.5750778	30.41406427	30.12769919	30.25164157	30.08962755	29.96045586	29.94517923	29.81544755
2-methylglyceric acid 2 TMS	24.95954213	24.44585736	24.46694762	24.66963991	24.64965809	24.710646	24.66009601	24.74605999	24.39931608	24.59256895	24.77595334	24.65312188	24.50278313	24.37489803	24.46027926
Apex Time - 10.1957 - Resp	24.15297881	24.0254448	23.64658063	24.32630838	24.42701078	24.13589036	24.16347881	24.37449489	24.19522704	24.0702517	24.35392643	24.33763293	24.24340895	24.13169738	23.8960309
Glyceric acid 3TMS derivative	22.96360606	22.37473953	22.26361409	22.80052714	22.74627859	22.66494029	22.84477124	22.82153315	22.38306859	22.60274138	22.77178322	22.73078431	22.69034419	22.08201804	22.23134396
Apex Time - 10.3175 - Resp	21.89324408	21.80426681	21.5867283	21.62645674	21.9774748	22.1636618	21.85850588	21.87492358	21.48543054	21.64316739	21.87519366	22.08873605	21.98955934	21.44206796	21.8537039
Uracil 2TMS derivative	25.07526942	25.23541528	25.29791546	25.20515796	25.63228906	25.64428305	25.65537264	25.73568277	25.50954566	25.33856852	25.76032732	25.71570057	25.24196843	25.16435819	25.53409883
Apex Time - 10.5073 - Resp	21.47626048	20.97515318	20.91830094	21.2725142	21.08742929	21.21324078	21.24497279	21.30737833	21.02275682	21.14822134	21.32218349	21.01767263	20.83699243	20.91346096	20.6110635
Fumaric acid (E) 2TMS derivative	23.48890601	23.39455296	22.74678345	23.30849654	23.36940376	23.15735915	23.35232616	23.45332973	22.98875564	23.58373329	23.79281467	24.05538695	24.05225047	23.3942422	23.64480531
Apex Time - 10.5427 - Resp	17.98560413	18.07186016	18.53729541	18.00032296	18.60130336	18.61804491	18.70033102	18.8142173	18.55047899	18.2452618	18.80096132	19.02425572	18.06220051	18.11500235	18.54862637
Apex Time - 10.5862 - Resp	20.67324355	20.13052581	19.77900905	20.43668241	20.2331771	20.21205271	20.49792385	20.56609361	20.26480034	20.04324235	20.49748086	20.31907988	20.16513208	19.8079015	20.12323842
Serine 3TMS	29.93827594	29.86001777	29.81857223	29.94574056	29.81522227	29.910013	29.68830514	29.77380318	29.80217008	30.03399963	30.07246101	29.91708908	29.86034206	29.96450651	29.966808
Apex Time - 10.7264 - Resp	23.37316636	23.1281675	23.44876831	23.36492699	23.43080671	23.48283715	23.54658261	23.64498125	23.43221057	23.28418898	23.622417	23.52193155	22.72610562	23.12602082	23.15409122
Apex Time - 10.8524 - Resp	24.52593489	23.7999238	23.61363514	23.98339741	23.99277471	23.99300392	23.36693707	23.44574244	23.12217586	23.38606548	23.53289088	23.0807645	22.44700531	22.21608948	22.58099855
Apex Time - 10.8728 - Resp	21.14230987	20.95874877	20.61180687	20.65810308	20.72582501	20.51732944	20.37985645	20.48596621	20.26428633	20.28176942	20.72680646	20.93733098	20.99622943	20.04354075	20.76899803
Dioxopiperazine 2TMS	25.31240504	24.85367737	24.74938285	25.18709493	25.14887354	25.12734235	25.21232511	25.27422136	25.02299806	25.02077837	25.33677267	25.16572629	24.62396734	24.69248507	24.67665283
Threonine 3TMS	27.74103693	27.59632751	27.42067605	28.03000397	27.91576202	27.96756393	27.8929527	27.90421786	28.01722872	27.9802	27.99765928	27.89545932	27.72876618	27.70691987	27.73482649
Apex Time - 11.019 - Resp	19.43822124	19.15339582	18.86453273	20.41015626	20.29063617	20.19319295	20.31272759	20.24080457	20.28914874	20.75243426	20.61853749	20.70588283	20.58468313	20.28268981	20.1664754
Apex Time - 11.0823 - Resp	21.69360434	21.43697678	21.41923544	21.96191395	21.62984227	21.49290584	21.3369615	21.58211388	21.55535707	21.55465716	21.56900698	21.7845862	21.6261265	21.18461066	21.35979339
Apex Time - 11.086 - Resp	17.36135991	17.93867233	18.21793355	17.67777082	18.16297703	18.32762884	18.3407728	18.36413225	18.47669484	17.9572973	18.35782042	18.66353989	17.69796947	17.74610829	18.32940968
Apex Time - 11.1271 - Resp	21.54353999	21.31335862	21.37397677	21.44333844	21.63284959	21.60042954	21.74673676	21.7809265	21.52948222	21.4447479	21.80092005	21.75165363	21.26886469	21.13318923	21.41750902
Apex Time - 11.1889 - Resp	20.51388537	20.57572247	20.36905433	20.71772073	20.85303857	20.48648388	21.47977534	21.49175594	21.18091483	20.505641	20.88985814	20.96375248	20.710429	20.25194494	20.16829357
3-deoxytetronic acid 3TMS	23.5357302	23.12717606	22.94579697	23.29007851	23.34020166	23.22265022	23.31769783	23.40676785	23.0240791	23.09603995	23.39391876	23.28186082	23.08630977	22.87088296	23.03145657
Thymine 2TMS	22.12565479	21.94115079	22.2214128	22.2643057	22.14088989	22.38376841	22.24399264	22.30851676	22.25864039	22.10168353	22.4050811	22.26674313	21.50106678	21.87756526	22.00279803
Apex Time - 11.4399 - Resp	22.30817777	21.85535105	21.89974238	22.18983146	22.18124492	22.14869964	22.2678225	22.31409501	22.00682623	22.01576605	22.36786906	22.21125121	21.51579976	21.65699004	21.66209179
Apex Time - 11.4433 - Resp	20.79515777	21.01885656	21.27639999	20.7158237	20.9341469	21.29973106	20.95247564	21.06633925	21.10929506	21.13610486	20.95855709	20.93484471	20.54943417	21.10233786	20.97786812
Apex Time - 11.5003 - Resp	18.9100887	18.44704748	18.38335923	18.69711736	18.69968448	18.5641717	18.613331	18.74150425	18.43724797	18.52740481	18.78309241	18.70544991	18.51787413	18.14207148	18.37354806
Homoserine 3TMS derivative	23.51671538	23.51452368	23.28023377	23.18800254	23.13881402	23.15398816	23.11996454	23.2143014	23.14629445	23.22030274	23.39525657	23.25645126	23.24664889	23.23793673	23.21179651
Apex Time - 11.8108 - Resp	22.30954075	22.35343542	22.68158141	22.6583773	22.66720902	22.31766425	22.4417163	22.5855022	22.05452938	22.82644573	23.17894824	23.24959453	23.25917963	22.89481743	22.63917074
Apex Time - 11.8827 - Resp	23.26619289	26.5361718	26.27826045	25.12069605	25.03717566	22.57675282	25.33708626	25.12925043	25.63113113	23.01611752	23.25246983	24.72397924	25.3032443	25.63373272	26.90131434
Aminomalonic acid 3 TMS	23.47785527	22.94956669	22.96506257	23.37664196	23.28278964	23.22127904	23.88420748	24.50544692	24.30198206	23.31201057	23.96162726	23.95653465	22.84546494	22.5308596	22.99929564
Apex Time - 12.0136 - Resp	19.86399332	20.18983395	20.10733107	19.50249155	18.52135902	20.2161887	18.58286988	19.03520339	20.16877394	20.50353719	19.42909955	19.3418096	19.62434753	20.09500637	19.79731991
Apex Time - 12.0941 - Resp	24.52884085	24.3425981	24.10859576	24.64580772	24.64437962	24.36834803	24.67256521	24.58453671	24.53455868	24.43571204	24.61167001	24.64625503	24.57739499	24.06928134	24.18120709
Malic acid 3TMS	24.51031304	24.53128875	23.65967637	24.27225446	24.286938	24.01782549	24.28144428	24.27927744	24.14972087	24.58682813	24.69943851	24.98999059	25.12926626	24.56036205	24.76215125
34-Dimethylbenzoic acid TMS derivative	26.11166318	25.97929711	25.96306009	26.42249632	26.32423122	26.00859884	26.01749219	26.05437005	26.30638224	25.99465248	26.17903572	26.27785549	26.26531041	25.91920236	26.05313337
Apex Time - 12.2933 - Resp	27.8418179	27.71881747	27.63122622	27.91803892	27.83499145	27.60491989	27.81715282	27.84320459	27.70452019	27.692755	27.87365335	27.94541392	28.0641955	27.64494903	27.7945342
Apex Time - 12.4393 - Resp	20.11572034	22.26607086	22.43524141	22.10843857	21.83788934	21.53614205	21.35520131	21.72512433	22.47465817	21.8638263	20.81576759	21.21269018	22.45229455	22.47497696	22.0468499
Aspartic Acid 3TMS	30.17041364	30.38244956	30.82095955	29.88983006	29.85768955	29.79890448	29.92176162	29.98036436	29.938473	29.69368428	29.92458739	29.7387699	29.68512196	29.80730943	29.81242261
Methionine 2TMS	28.17497299	28.08392091	28.03813992	28.10960347	28.05985749	28.08864109	27.96341247	28.09587201	28.03056871	28.00739945	28.21797079	28.05246655	27.95112429	28.09667101	28.08178616
L-3-Hydroxyproline (E)- 3TMS derivative	18.13711253	17.93668664	18.07454547	17.98137975	17.93892015	17.97309466	17.97059008	18.03703291	18.17636956	17.84924723	17.96647788	17.94408324	17.82777871	17.82314907	17.96366288
4-aminobutanoic acid 3TMS	27.54570961	27.26484756	27.32319122	27.69314839	27.64220388	27.59847803	27.61988489	27.69789171	27.51785306	27.51571028	27.71609091	27.63562224	27.36841079	27.34362473	27.40789906
Apex Time - 12.646 - Resp	26.06117304	24.33495768	22.87131615	26.77782686	26.66421731	27.03380308	26.58434007	26.63968559	25.54285466	26.90493351	26.81618435	26.94344911	26.94199639	25.02828143	25.42433856
Cysteine 3TMS	22.84604919	22.90406121	23.32565534	23.42057295	23.66998809	23.66196679	23.15469669	23.23367803	23.04137901	23.26871914	23.19964839	23.63353406	23.23660674	22.77408343	23.00595582
2-Hydroxyglutaric acid tris-TMS	26.11281782	25.85646196	22.62350463	23.81751002	23.94167474	24.00613775	23.47264159	23.47853635	23.46559558	23.2307316	23.23802542	23.07249674	22.87501492	22.69336719	22.83822743
Apex Time - 13.1066 - Resp	21.0598463	20.58724703	20.57142409	20.77358599	20.72932864	20.88788571	20.96868997	20.60447406	20.64568708	21.81016072	21.78001911	22.73630324	23.12923395	22.78043159	23.22374625
Apex Time - 13.1121 - Resp	19.75806866	20.05262407	0	18.910565	18.481724	19.76390006	19.13679422	19.40983537	20.54216109	19.58686511	18.87109202	18.98441407	18.54586774	19.70905079	19.88204306
Phosphoenolpyruvic acid 3 TMS	18.09875326	18.59376139	17.64915112	19.99167349	19.40592359	19.85484244	18.23331765	18.51204216	0	21.55136972	21.29094294	22.22794495	22.75963572	22.39555942	22.40770905
Apex Time - 13.4093 - Resp	21.09495771	20.82657756	20.68945661	20.96045949	20.83410993	20.80174243	20.95177477	20.99826877	20.92303391	20.77331261	20.97842472	20.75319619	20.5523136	20.76550215	20.55828193
Ornithine 3TMS	26.72740521	27.08561264	27.23211133	27.54424416	27.19557299	27.43399652	27.32834618	27.37023023	27.64038229	27.26650772	27.08956841	27.21327702	27.12152598	27.43086817	27.37921106
Glutamic Acid 3TMS	31.94852462	31.99229696	31.1958388	32.63555667	32.50548213	32.43195206	32.40958153	32.36431468	32.34398779	32.60125856	32.69754131	32.66059166	32.74235498	32.67664567	32.67772125
Phenylalanine 2TMS	30.07402356	29.97992759	30.08702576	30.14236324	30.13761672	30.17163815	30.14039469	30.20653706	30.2028763	30.02455983	30.13356319	29.99162965	29.80243334	30.03264599	30.02909106
Apex Time - 13.7754 - Resp	22.98879013	22.73667426	22.62815696	22.92628506	22.79421541	22.83184578	22.94999728	23.01679274	23.05455025	22.70545475	22.9757213	22.74210198	22.4536019	22.75066927	22.48095394
Apex Time - 13.8696 - Resp	21.55471731	21.24591761	21.39597791	21.63737412	21.07334797	21.40660741	21.23732897	21.45514187	21.22019877	21.30034313	21.46171165	21.71556988	21.43239881	20.96096142	21.08203276
Apex Time - 13.934 - Resp	22.34569837	22.17910427	22.13926568	22.22312922	22.09704098	22.13152089	22.23272471	22.2484881	22.34724262	22.04607677	22.28809458	22.00506739	21.82827266	22.12531386	22.01238884
Pyrophosphate 4 TMS	23.08116184	23.15536305	23.79611776	23.65996703	23.15619622	23.64814755	22.82608402	23.3228812	23.33659448	24.32619925	23.3335427	25.13482609	24.15427244	23.82613756	23.71140048
Apex Time - 14.0116 - Resp	18.44077657	18.55014742	18.99227371	18.85188745	18.69054011	18.79248783	19.04553435	19.29640593	19.55547811	18.85007713	18.71463327	18.82734193	18.30020377	18.47677949	18.68608321
Asparagine 3TMS	26.78385265	26.76908149	26.77834545	26.92872352	26.8517	26.81889409	26.84421813	26.87698772	26.88184601	26.73429063	26.73127039	26.47733181	26.43970184	26.63894717	26.5582697
Apex Time - 14.2179 - Resp	19.52819648	18.86247016	19.31541426	18.93779745	18.77897946	18.96028407	19.11952476	19.68660714	19.61977234	19.09601775	19.50741523	19.47568377	18.63012817	19.23269849	19.28197773
Apex Time - 14.3407 - Resp	23.39248578	23.61187075	23.65104112	23.0209637	22.97403201	22.84048727	22.89913296	22.84371327	22.86151373	22.84452491	22.93673707	23.05211778	22.96333667	22.80709861	23.39661822
Apex Time - 14.4323 - Resp	21.78709236	21.20862539	18.27175848	20.50967277	20.83823418	19.45860951	20.27208085	19.8046967	19.45725659	20.0334023	20.90474379	21.23500503	21.9979019	20.13626328	20.57422778
Apex Time - 14.487 - Resp	20.57956193	19.77352522	21.41039263	20.25072241	20.61780321	20.48462315	20.42934973	20.56886471	20.65667092	20.50640589	20.50268931	20.52831956	19.6841561	19.65423297	21.27417968
6-(Dimethylamino)purine TMS derivative	27.28129252	27.47164498	27.30566098	28.01230948	27.94475934	27.85477032	28.05912438	28.02338463	27.99550114	27.78064961	27.81472833	27.84332581	27.87466468	27.86152426	27.24499776
2-Aminoadipic acid 3TMS derivative	20.90561368	20.9866575	19.87367138	21.89895023	21.82571867	21.75781646	21.75566702	21.9249847	21.67457326	22.07537566	22.3285073	22.2725783	22.45941387	22.4388521	22.27381389
dAmino levulinic acid tri-TMS	21.35181838	21.7717828	22.52378001	24.01555263	24.10400062	23.72868596	24.53466227	24.70317566	23.98283841	24.1453023	24.26457981	24.45281764	24.56601869	24.24138093	23.94933953
Apex Time - 14.7324 - Resp	27.05355557	27.35884093	24.58851386	25.16412339	25.13128282	24.85871682	24.38524615	24.15261504	24.40749979	25.90756418	25.87331599	26.14473574	26.4443258	26.43331877	26.21542416
Apex Time - 14.7365 - Resp	25.20396622	25.01526379	25.16594174	25.17743031	25.08773287	25.20439772	25.18718554	25.24466387	25.32756122	25.05075535	25.17175482	24.98995967	24.63077621	25.11457796	25.0292252
2-Aminoheptanedioic acid 3TMS derivative	22.61949607	22.45828096	22.52417158	22.49799838	22.4638556	22.57787551	22.44298907	22.48551516	22.50633519	22.50446648	22.59087728	22.55617928	22.32339373	22.47235776	22.43248696
Apex Time - 14.8355 - Resp	21.60338798	21.74225997	22.16576349	22.11424992	22.0384147	22.02191087	22.37487225	22.41125589	22.40836455	21.9160299	21.99233167	21.91616602	21.90205406	22.05723397	21.93443138
Orotic Acid 3TMS derivative	20.31534311	20.51693872	20.74731991	22.08509724	22.23330361	22.20178604	22.47134122	22.41280032	22.89531109	22.5628891	22.64990661	22.81079369	22.82479684	22.75431738	22.7741351
Apex Time - 14.8791 - Resp	19.75037951	19.57198482	19.48460279	19.49228827	19.37604824	19.42925812	19.54537115	19.62003981	19.61783701	19.33842387	19.61560109	19.3038149	19.05301888	19.55434408	19.22572284
Aconitic acid (Z)- 3TMS	21.40743746	21.07281264	20.07919379	21.25069294	21.11461822	21.27034759	20.99379157	21.24113073	20.63138584	21.07181846	21.31665227	21.38037153	20.82257221	20.71437447	20.06372592
Apex Time - 14.9968 - Resp	22.92801824	22.89924416	22.90717671	22.86714784	22.98657074	22.82495763	22.79696228	22.90704949	22.83796358	22.61219496	22.92593853	22.8407199	22.58124622	22.81465669	22.67328591
Glycerol-3-phosphate 4TMS	26.6398597	26.42056872	27.08910513	26.92504154	26.88850667	27.05450276	26.95097272	26.91657213	26.96863372	26.61760687	26.78205865	26.56464173	26.29399831	26.59898222	26.57613211
Apex Time - 15.048 - Resp	27.61252688	27.74545542	27.60985854	28.46214258	28.37318012	28.37120671	28.48521895	28.48116594	28.49348026	28.21525251	28.24095367	28.2678929	28.29579258	28.29222411	27.53469879
Glutamine 3TMS	28.64578552	29.06966581	26.4428328	26.97533314	26.94923984	26.94600909	26.28661273	26.0466219	26.41806774	27.80521445	27.68987089	28.04515079	28.25538093	28.23477268	28.22961427
Apex Time - 15.2207 - Resp	18.45883923	17.97621911	18.14700457	18.3239522	18.55389088	18.69525126	18.47653349	18.45506331	18.32308124	18.58960599	18.81114864	18.86154229	18.24936759	18.10913606	18.3973132
Apex Time - 15.2271 - Resp	21.4857442	21.26319108	21.14251672	21.19312059	21.03585268	21.15552754	21.2246717	21.20248196	21.27897928	21.03032352	21.2650511	21.00077359	20.88121296	21.16642162	21.03340846
Apex Time - 15.2862 - Resp	21.50484546	21.2841051	21.26767569	21.25777816	21.17260662	21.27247725	21.28057172	21.3264962	21.34504098	21.1237124	21.31988059	21.04294852	20.80151012	21.185545	20.99380877
3-phospho-D-glyceric acid 4TMS	19.71621983	20.05862123	19.4173924	21.16551121	20.76235243	21.25400786	19.75438939	19.80202288	20.03467198	22.93124504	22.45483048	23.66973033	23.92812232	23.84124953	23.80984597
Hypoxanthine 2TMS	24.31359396	24.32987501	24.22823605	24.29980007	24.28687758	24.36944616	24.27158429	24.30668922	24.34398108	23.99660366	24.09199207	23.85308561	23.5193185	23.77997382	23.72439417
Apex Time - 15.5086 - Resp	20.0266987	20.03751215	20.21222682	20.07303583	20.03520529	20.08579884	19.9892623	20.05847178	20.05846206	19.89039908	19.87220669	19.8290962	19.8471668	20.15527281	19.91199558
Citric acid 4TMS	28.80988539	29.10789523	27.1609216	27.7149089	27.60826611	27.71272757	27.38492362	27.74057981	27.44926642	27.54845676	27.20076216	27.50574997	27.25797556	27.17989181	27.71042631
Ornithine 4TMS	24.71256895	25.0530461	27.09397279	25.41382512	25.34999928	25.45478165	25.39675793	25.59935528	25.46197899	25.01287639	25.02433769	24.96466643	24.89588865	24.89788287	24.85476309
Apex Time - 15.6457 - Resp	24.93279311	25.31959351	25.46513104	25.75144231	25.70165221	25.90896596	25.56743511	25.72546636	26.01023842	25.23692505	25.73838272	25.99045603	25.49929966	25.62173326	25.68186161
Apex Time - 15.6883 - Resp	21.92860572	21.73843211	23.21844293	23.63285776	23.69166121	23.79890326	23.62846508	23.53845391	23.8497545	23.11373118	22.88898394	22.68030406	22.10373548	21.81950856	22.20455547
p-aminobenzoic acid 2TMS	20.63714475	20.49633338	20.54930825	20.38462678	20.42208606	20.57000332	20.33104981	20.43749882	20.40605786	20.46103379	20.50447243	20.38848364	20.1925547	20.43276425	20.37785534
Apex Time - 15.9013 - Resp	22.33719555	21.51401509	20.32796553	22.21666714	21.22322075	20.39725152	21.79602641	21.78065131	20.7594144	22.25060411	21.66214947	21.04927411	21.61414888	21.03323483	19.43521311
Myristic acid TMS derivative	25.87757064	26.17718962	26.19932485	26.38565901	26.00747934	26.09100447	25.93423887	25.9202583	26.36279397	25.98115245	25.97878158	26.07844691	26.23316907	26.2043148	26.29106629
Apex Time - 15.9333 - Resp	25.85924103	25.28419997	25.42965999	26.07811788	25.90753884	25.81748674	26.00589889	25.93651354	25.95499988	25.41556637	25.75865739	25.78830633	25.73473417	25.31179808	25.43690195
Apex Time - 15.9616 - Resp	22.40214604	22.10735581	22.4840687	22.25766801	22.18474848	22.55820142	22.40420061	22.30437005	22.54428082	22.28037361	22.21757968	22.27710733	21.90485965	22.11628775	22.20244801
Apex Time - 15.9896 - Resp	21.72946276	21.41101598	21.9348977	21.75601457	21.60395762	21.9363821	21.63617682	21.82247504	21.76274012	21.58452702	21.74144037	21.60718236	20.8644714	21.50614874	21.43259079
Adenine 2TMS	25.3075523	25.07321891	25.13123632	25.52332369	25.41973887	25.52457828	25.13848183	25.31780807	25.35332908	25.55366293	25.23871189	25.58498053	25.18842991	25.16524011	25.09653334
Apex Time - 16.1201 - Resp	22.13858055	21.99818063	22.05762149	23.29480878	23.60118597	22.93463493	23.56956964	23.1734214	22.99462197	22.75379923	23.06644719	23.02349634	22.8925785	22.2555345	22.2657979
Apex Time - 16.1241 - Resp	23.55271014	23.46547333	24.86373192	22.01527676	22.14550225	22.02178691	21.85282639	21.92050542	21.57911537	22.91212397	22.6914577	23.17577653	22.68880896	23.18177219	24.21493388
Apex Time - 16.1415 - Resp	21.08707987	21.06575222	21.10992231	21.13151269	21.16155936	20.98395474	21.03319757	21.12062813	21.02131984	20.79196706	20.92357267	20.82690643	20.7549214	20.97306702	20.83343624
Apex Time - 16.1759 - Resp	21.00293913	20.71072859	21.03137921	20.90273804	20.84084672	21.09497868	20.90888391	21.00542639	21.09944472	20.80148669	20.92752967	20.85148334	20.39280717	20.7995439	20.75066916
Apex Time - 16.1819 - Resp	23.9395759	23.61346539	23.73367486	23.7959531	23.67836211	23.85807366	23.72431269	23.81021875	23.90256161	23.68964058	23.85746938	23.68304798	23.24306844	23.62429285	23.4913338
Apex Time - 16.2024 - Resp	21.31027163	21.04941974	21.16136702	21.28239657	21.08345834	21.28658572	21.18275219	21.24565577	21.34230537	21.09779488	21.19443419	20.96848995	20.74848991	21.14057107	20.89303484
Apex Time - 16.2055 - Resp	21.21692392	20.91018261	20.62431234	20.87678532	21.08586329	21.35177157	21.09742803	20.93045667	21.18873184	21.74031856	21.83682651	22.43849881	22.34432194	21.8807919	22.34525464
Tyrosine 2TMS derivative	19.94227811	18.58023787	18.98797344	19.78332656	19.60693378	19.71642645	19.70224845	19.66856358	19.58041676	19.22799783	19.6752425	19.64054615	19.22947689	18.73714167	18.91916049
Apex Time - 16.3016 - Resp	20.89631554	20.70416149	20.77428074	20.84639995	20.7036816	20.77968404	20.76589675	20.80079574	20.9156938	20.64818326	20.76167011	20.55581134	20.29462359	20.75159337	20.56249325
Apex Time - 16.328 - Resp	18.7178604	18.77707759	18.87414796	18.87339087	18.85326547	18.58309589	18.64628065	18.5277458	18.99569338	18.663983	18.55439491	18.82123433	18.8124201	18.55460363	18.69376165
Apex Time - 16.423 - Resp	20.17419062	19.89845972	20.10103196	20.06581162	19.98118056	20.18484928	20.07828167	20.18205673	20.26185251	19.99667539	20.08287443	19.99413313	19.53142445	19.9128933	19.77589811
Apex Time - 16.4564 - Resp	23.73343184	23.60081539	23.71929845	23.70518317	23.75836758	23.78553833	23.64268757	23.72947991	23.69776264	23.57723156	23.71933075	23.60002478	23.31122241	23.62714546	23.50773327
Histidine 3TMS	26.96273855	27.46036154	27.90844352	28.56127035	28.37909906	28.15810077	28.5125029	28.5963567	28.72809305	27.96136976	27.82859846	27.3169911	27.5616786	27.94371881	27.75140907
Lysine 4TMS	31.05831583	31.24258746	31.38104083	31.63200698	31.46871391	31.60274307	31.65672001	31.59215477	31.91712363	31.23326447	31.27720169	31.31475521	31.34963048	31.41787617	31.43245805
Apex Time - 16.633 - Resp	21.17473662	20.92478556	20.82860322	21.0167132	20.78081524	20.87327514	20.97068269	21.03713216	21.047412	20.71354152	20.93646185	20.56195755	20.46195266	20.9307373	20.59510798
Apex Time - 16.6369 - Resp	19.65269559	19.62208906	19.70110249	19.80321517	19.52645164	19.62850255	19.50708364	19.50201158	19.45023427	19.47304434	19.60234436	19.73346383	19.66247607	19.47439057	19.44714236
Tyrosine 3TMS	29.59621232	29.54363611	29.8490548	29.91994251	29.8547724	29.99009054	29.88674896	29.93551992	30.03443117	29.76044906	29.82058607	29.59256062	29.34633902	29.71449211	29.6936874
Apex Time - 16.7428 - Resp	20.45843112	20.69058629	20.63770133	21.17164994	21.0742286	21.09937688	20.91883458	21.0715468	21.18398617	20.49377189	21.17136812	21.37463007	20.89546292	20.73228498	20.7925832
Apex Time - 16.7858 - Resp	21.26794951	20.98587782	21.01385161	21.284355	21.09342068	21.13609528	21.30846033	21.31233165	21.42500087	21.06046112	21.25050348	21.05911476	20.70045691	21.06103022	20.68498059
Apex Time - 16.8416 - Resp	22.53449306	22.35581008	23.77995491	22.80385812	22.66613804	22.89260783	22.91442027	23.26111287	23.2455252	22.7297232	22.88932308	23.07121787	22.46760027	22.34812015	22.70980572
Apex Time - 16.935 - Resp	20.13970185	19.9084642	19.87853841	19.97828015	19.71975635	19.9020402	20.00009041	19.99872568	20.06397453	19.72275122	19.98421026	19.5715513	19.38130194	19.89478882	19.60176414
Apex Time - 16.9689 - Resp	20.33150434	20.1987559	20.37875723	20.3661933	20.33387748	20.48480918	20.36118464	20.37918948	20.42959617	20.26932769	20.25976907	20.17268894	19.9070252	20.20666013	20.12724066
Apex Time - 16.9919 - Resp	19.24274309	19.0848386	19.57485577	19.23461413	19.38663634	19.51467358	19.43353152	19.48837336	19.52389294	19.2168044	19.34354217	19.34761255	18.74498692	19.26360713	19.3495545
Apex Time - 17.037 - Resp	24.68582055	24.91058178	22.65418777	22.88878803	22.26528255	22.61302465	22.74360177	22.12119627	22.26232714	22.58736885	21.80706272	22.39708535	25.77643376	22.86789926	22.66237737
Apex Time - 17.1424 - Resp	20.32053794	20.47564446	20.33919471	20.43873049	20.39836883	20.42576768	20.41665696	20.46593195	20.3462452	20.41437821	20.45720617	20.17410946	20.07932469	20.44602441	20.12624926
Apex Time - 17.1744 - Resp	18.89572608	19.13499162	19.40277132	19.10685869	19.14399731	19.12874119	19.25475902	19.33329141	19.22960886	18.94045099	19.07129845	18.89508461	18.43326825	19.23920395	19.0168382
Apex Time - 17.1899 - Resp	17.96090159	19.41633997	18.41321038	19.23773474	19.15269991	19.38860939	18.73885705	18.88412695	19.15888658	18.9963313	18.87254958	19.11095296	19.28304366	19.17680058	19.10257253
Apex Time - 17.2323 - Resp	19.60209577	19.58419166	19.4181455	19.66982435	19.77860363	19.72896124	19.42120528	19.52184968	19.08191659	19.66326612	19.54833424	19.30940583	18.9844022	18.93549368	18.87003162
Apex Time - 17.2737 - Resp	20.70307459	21.35884272	21.59093018	21.02949633	21.53861237	21.62072604	21.46143427	21.41290342	21.80554725	21.137145	21.59241565	21.72452681	21.18390024	21.36942514	21.69796374
Xanthine 3TMS	24.27530296	24.1573	24.37411647	24.39414084	24.30372285	24.50638876	24.27234476	24.33936569	24.36648883	24.15203196	24.20203561	24.00753403	23.6903501	24.0647837	24.00295665
Apex Time - 17.4949 - Resp	17.74171056	17.8367076	17.99817624	17.65482228	17.82321412	0	17.62744296	17.73664195	0	17.90350059	17.87536246	17.90827036	18.13232034	17.79027655	17.79694687
Apex Time - 17.5322 - Resp	20.36312834	20.31769807	20.59405043	20.31388004	20.40709734	20.68215298	20.27164922	20.37896224	20.34959445	20.35354171	20.26562117	20.24482078	20.10559693	20.33458154	20.3042059
Apex Time - 17.5387 - Resp	20.93388526	20.954558	21.13505259	21.01166239	21.05169548	21.24301469	21.15888819	21.13312307	21.14375765	21.21905452	21.07447137	20.91148014	20.64935343	21.03114233	20.81898293
Apex Time - 17.7574 - Resp	23.98360826	23.46481993	24.09868544	23.74711707	23.53102731	23.75564452	23.9221103	24.52484262	24.53447988	23.67948653	23.86733545	23.96877141	23.41545461	23.34665182	24.05820502
Apex Time - 17.7717 - Resp	17.4822415	18.70908498	0	19.51059762	17.88271236	18.1371939	17.89165192	18.15318951	0	17.82574088	0	0	19.46573145	18.64470902	19.25460168
Apex Time - 17.8334 - Resp	20.66780195	20.52626222	20.38104024	20.58592205	20.30802874	20.53146639	20.54582436	20.53751199	20.67393659	20.24611071	20.48244143	20.13544337	20.0042939	20.4575827	20.12345627
Apex Time - 17.841 - Resp	22.25129385	22.47297659	22.24533337	22.52377818	22.23708934	22.45237017	22.02028111	22.22606428	22.38213235	21.89449561	22.11928291	21.95727365	22.34602522	22.5707874	22.33828709
Apex Time - 17.8444 - Resp	25.01461097	24.83795388	25.07037587	25.03786125	24.92960725	25.17996476	24.92876799	25.00658468	25.05374762	24.91039758	24.92458949	24.81114084	24.60447154	24.97776093	24.82127839
Apex Time - 17.871 - Resp	21.50579107	21.21825825	21.58722704	21.40377143	21.41484202	21.65564931	21.45651764	21.52755569	21.63834439	21.38664952	21.50783738	21.40477313	20.84472347	21.32018966	21.35745738
Apex Time - 17.8807 - Resp	20.67759667	20.62791655	20.97508451	19.59081644	19.65754558	19.84301064	19.76425741	19.7612644	20.44513728	19.43253542	19.28374366	19.0537373	18.082801	18.63082107	20.14088566
Apex Time - 17.9028 - Resp	21.76056524	21.61813303	22.08043989	22.14466198	21.82456097	21.9154141	21.48042693	21.73343118	22.39881055	21.94677611	21.79059847	21.90190095	21.59027254	21.74932758	21.90917477
Apex Time - 17.9274 - Resp	20.04850208	19.51001741	20.02793717	19.6938723	19.68674751	19.9637698	19.95480414	19.7230535	19.7651927	19.5789391	19.7953721	19.65752605	19.6888375	19.66037054	19.63772348
Apex Time - 17.9422 - Resp	21.24238414	21.119808	21.25484699	21.23193263	21.13397005	21.3524486	21.12068085	21.16708758	21.19514831	21.0814977	21.174645	20.99474788	20.75237923	21.14064614	20.95457291
Apex Time - 17.9449 - Resp	18.68193479	0	0	18.26051784	18.46487841	0	18.38370936	18.51412452	18.80659367	18.31020325	18.72883658	0	17.51418578	18.11070442	18.50044897
Apex Time - 17.9679 - Resp	19.38634275	19.35388222	19.35650349	19.34344839	19.39246986	19.48982464	19.27540538	19.37875623	19.18264943	19.30632527	19.45222055	19.30147216	18.97290391	19.13509936	19.21356584
Apex Time - 18.0305 - Resp	21.02311334	20.85860787	20.94777903	20.93231407	20.82880659	21.01954868	20.88701834	20.93682877	20.97967349	20.78763384	20.84544001	20.65710509	20.470443	20.85962344	20.71114235
Apex Time - 18.0388 - Resp	25.50398419	25.71179515	25.23039195	25.51193043	25.39048523	25.6806464	25.6186248	25.48267453	25.93979299	25.27636707	25.25727129	25.16872807	25.02237234	25.31584236	25.54390385
Apex Time - 18.0724 - Resp	20.978977	20.78022529	20.9466036	20.94698084	20.85915674	21.07500109	20.77531811	20.82779943	20.89030392	20.80430058	20.86259143	20.67685349	20.45245254	20.78631217	20.69794591
Apex Time - 18.1081 - Resp	21.11129673	20.80395708	21.06108029	20.96426854	20.88865996	21.07511277	20.88434483	20.90199549	20.86867266	20.89359062	20.88845333	20.74099956	20.42706119	20.85520535	20.70550286
Apex Time - 18.1199 - Resp	18.30255464	18.23445193	18.39672559	18.34029596	18.25936617	18.40758025	18.23837427	18.24452591	18.25759492	18.20766385	18.30467068	18.15174697	17.98051272	18.29165681	18.17101828
Apex Time - 18.1647 - Resp	19.66476668	19.78992757	19.80158008	19.64898161	19.79429196	19.8811656	19.67188552	19.74635933	19.49019044	19.80912718	19.89544784	19.74585547	19.41208479	19.65925015	19.48588279
Apex Time - 18.1841 - Resp	19.81152142	19.65954391	19.74680707	19.7356701	19.7636722	19.97071343	19.62207918	19.69546482	19.5874663	19.68726261	19.71812457	19.63900618	19.48769815	19.63101511	19.53841757
Guanine	23.74252603	23.5544715	23.62629459	23.51871877	23.46134479	23.67813609	23.42557509	23.47459659	23.56441066	23.27522682	23.32900339	23.11386516	22.93539511	23.14355675	23.09029879
Apex Time - 18.3804 - Resp	19.26291705	19.26818788	19.17067613	19.3621415	19.18690026	19.1207372	18.92878425	18.9685137	19.07332844	18.90059322	19.19654789	19.27232002	19.29891816	19.12325232	19.05357542
Apex Time - 18.4496 - Resp	21.9014718	21.81120891	22.22530285	22.04594813	21.88521242	22.2033971	21.91621563	22.11054661	22.20144946	21.7678615	21.91620649	21.88708315	21.24604153	21.91302172	21.86705068
Apex Time - 18.4614 - Resp	18.86567031	18.85011913	18.92393261	18.78214808	18.89608794	19.07546004	18.75198402	18.88585627	18.69097718	18.85465147	18.94909581	18.82445836	18.50966937	18.75443397	18.6762008
Apex Time - 18.5091 - Resp	21.15995121	20.72170793	21.2732732	19.4512107	19.29974625	19.7365238	19.59239619	19.50372779	20.09277594	19.56766867	19.43512806	19.34426708	18.86813756	19.37964572	20.77055711
Apex Time - 18.5689 - Resp	18.63331962	18.55657155	18.78393715	18.87405456	18.66804962	18.7889215	18.36619489	18.41373706	18.7753897	18.45200656	18.53907042	18.50242532	18.68639494	18.32883418	18.51539453
Apex Time - 18.7169 - Resp	21.4838208	22.34225411	22.61052625	22.32593334	22.65355854	22.84456632	22.71355064	22.50023972	22.82603532	22.58582823	22.53276218	22.58956471	21.91127707	22.31002815	22.32839154
Apex Time - 18.7851 - Resp	20.85104483	20.65408198	20.79223117	20.7921533	20.71696163	20.89601625	20.68010782	20.78853909	20.75561649	20.65335322	20.77042115	20.57180544	20.15549402	20.61934399	20.44000009
Apex Time - 18.7888 - Resp	19.75230484	19.61715764	19.75047437	19.72630511	19.65049216	19.94987723	19.61265835	19.64035496	19.71711613	19.59734502	19.57774909	19.45732527	19.19838605	19.58624068	19.50503046
Apex Time - 18.8055 - Resp	21.78914593	21.64481507	21.96180679	21.93282632	21.93027131	22.04986647	21.98213265	22.02841686	22.02270816	21.86442739	22.07950076	21.76233145	21.17211752	21.76872139	21.53438125
Apex Time - 18.8278 - Resp	21.84191863	21.67351788	21.83921132	21.85677374	21.8788116	22.02776458	21.72675608	21.79438983	21.5987157	21.7189219	21.85055551	21.67333859	21.4436845	21.78022327	21.57731218
Apex Time - 18.8766 - Resp	19.18204322	18.82225079	18.98570596	18.97682174	18.90251947	19.15036331	18.96934818	19.04435913	19.0292966	18.86761256	19.080319	18.87193379	18.42389715	18.8412616	18.64448731
Apex Time - 18.9591 - Resp	22.58109552	22.46035349	22.68470989	22.61605312	22.57051344	22.77702876	22.47982451	22.52483789	22.59666493	22.47975065	22.49100111	22.36379859	22.14901262	22.53706507	22.4229413
Cystathionine 4TMS	21.82797905	21.96197672	22.82799758	21.77087089	21.64323429	21.95242382	21.19279088	21.12491015	21.32833918	22.08427771	21.88812042	22.17032163	22.26306775	22.32744922	22.30567057
Apex Time - 19.0433 - Resp	20.55491106	20.31322498	20.61966061	20.66859937	20.4813632	20.91250402	20.76251875	20.54058773	20.73654149	20.48251683	20.40396527	20.38997646	20.20150789	20.3739223	20.37171816
Tryptophan 3TMS	29.22140056	29.12493376	29.31816067	29.33282337	29.23669081	29.48092567	29.2045621	29.21491134	29.27473325	29.13624515	29.16054369	28.95183709	28.81553555	29.24570604	29.14832836
Apex Time - 19.1116 - Resp	18.7971053	18.74408489	18.85318149	18.86866162	18.73727918	19.02534335	18.69822658	18.76931273	18.74317374	18.665546	18.71234403	18.52386474	18.36234915	18.65984058	18.58888709
Apex Time - 19.1175 - Resp	20.87324852	20.25095366	20.11057435	20.80850141	20.25515119	19.74785466	19.92201577	19.55802105	19.08333924	20.0103966	19.45619312	19.06724734	20.77366084	20.13503517	19.91374084
Apex Time - 19.1559 - Resp	20.17780616	20.03106203	20.11910545	20.10082592	19.97599552	20.1811118	19.94495085	19.95086339	19.97845869	19.92030333	20.04100427	19.79345545	19.59963105	20.07493912	19.82987077
Apex Time - 19.2412 - Resp	20.28995922	20.20191488	20.20856286	20.26932571	20.06417447	20.27569618	20.14504974	20.23301626	20.2176513	20.01453423	20.20736546	19.85582579	19.75755237	20.2802519	19.97353656
Fructose-6-Phosphate	21.43569219	22.38534866	22.93933073	22.06509054	22.59992928	23.00787553	22.21186571	22.44923427	22.72165426	21.41889029	22.2958167	22.39786963	21.80534127	22.57349224	22.64653215
Apex Time - 19.3548 - Resp	19.5312869	19.62124861	19.74465165	19.99733121	19.61621196	19.16083335	19.26892968	19.45213749	19.72956493	19.59790844	19.13051089	19.53304581	19.4741498	19.35458445	19.41142965
Apex Time - 19.3586 - Resp	19.87656966	19.69757624	19.89132178	19.92290662	19.88062302	20.00560938	19.40124	19.51537848	19.82647254	19.38259738	19.84357	19.80158345	19.84751241	19.68976179	19.88884046
Apex Time - 19.3878 - Resp	20.99770725	21.27572032	21.00425596	21.55296414	21.34667301	21.43314615	21.0921452	21.13445714	20.99887705	21.07866726	20.98356956	21.0746861	20.99693788	21.22734496	20.95774344
Apex Time - 19.7476 - Resp	18.26364898	18.64261692	0	18.55623126	18.38249462	18.45944982	18.18664306	18.2595428	18.16802987	18.16315546	18.2005341	18.12266839	17.95555498	18.25038285	18.16683053
Apex Time - 19.7698 - Resp	18.91405161	18.772435	18.91387289	19.01487592	19.20609343	0	18.80171035	18.88153044	18.87449433	18.85293955	18.75482308	18.71997813	18.40149423	18.7784192	18.70673117
Apex Time - 19.8078 - Resp	19.17092509	19.49074126	19.6611872	19.7078275	19.81033199	19.96013522	20.02030097	19.94890046	20.20740632	19.76160824	19.737361	19.96231466	19.47300126	19.59793589	19.80580993
Apex Time - 19.9028 - Resp	19.85010493	19.83156875	20.3256968	20.31585851	20.151059	20.42831455	20.19525205	20.13821794	20.40959195	19.94171397	19.94020521	20.06689917	19.5779191	19.95051915	20.15305838
Apex Time - 19.9136 - Resp	22.19565598	22.22483353	22.82043655	22.32374551	22.45737033	22.7970951	22.58772735	22.70449318	22.84092688	22.35696375	22.67772467	22.669967	21.45170289	22.31062071	22.45083482
Apex Time - 19.9257 - Resp	19.71667501	19.60790085	19.53352878	19.67159908	19.49724489	19.66343078	19.57442131	19.55500999	19.63578585	19.32958192	19.63579932	19.21818454	19.07846296	19.56976146	19.21391597
Apex Time - 20.1242 - Resp	19.21114855	18.99447893	18.72406735	19.0625662	18.72071413	18.81926487	18.89497677	18.94520646	18.96279973	18.62661754	18.87980764	18.43458618	18.42993121	18.97708326	18.53682206
Apex Time - 20.2438 - Resp	18.49756264	18.46194681	18.58022981	18.61860903	18.79823807	18.96338101	18.5203763	18.60675983	18.39289329	18.56005444	18.75515872	18.64935946	18.00462779	18.29155705	18.20079286
Apex Time - 20.2584 - Resp	21.5849689	21.39060506	21.8619789	22.02857586	21.88921182	22.08049104	21.7826315	21.68669547	21.92906951	21.58006706	21.40079681	21.55069968	21.15105104	21.55095893	21.63457256
Apex Time - 20.2696 - Resp	20.03552229	19.95874332	20.09555932	20.13655057	19.88472527	19.86695146	19.63867587	19.57894024	19.82401522	19.72617465	19.74848489	19.6316287	19.95522516	19.41654243	19.62140947
Apex Time - 20.3127 - Resp	20.89923943	20.8015897	21.16946542	21.32223701	21.33966465	21.46946921	21.44734853	21.32974239	21.37455222	21.24546286	21.24066999	21.31438471	21.29260188	21.29582567	21.41151118
Apex Time - 20.5273 - Resp	19.09042033	18.81314042	18.99860602	18.93503326	18.91562444	19.01122407	18.59432782	18.65479418	18.54833379	18.66480026	18.6212922	18.48528553	18.4819138	18.83956758	18.58076859
Apex Time - 20.537 - Resp	21.90356623	21.74958095	21.82442519	21.94652836	21.89487318	22.08927202	21.62663127	21.74441109	21.65533811	21.80911207	21.68890694	21.59181415	21.60555244	21.87041579	21.68341617
Apex Time - 20.607 - Resp	18.49565095	19.33402676	17.3294515	20.09007921	18.52814468	18.65692761	19.10908548	18.25823488	19.25710537	18.82689941	17.85315754	18.07230006	19.43276636	19.37756094	20.77420134
Apex Time - 20.6995 - Resp	20.90352195	20.39563485	20.94842788	20.6587371	20.74575711	20.83635388	20.58571998	20.71719881	20.52293339	20.67485407	20.71679992	20.49897227	19.89634848	20.48995655	20.35947188
Uridine 4 TMS	23.91560627	24.30190417	23.96131482	24.61600369	24.0792924	24.07051414	23.71978145	23.71999723	24.0549888	23.90358645	23.7390011	23.75781716	24.37037547	24.40265434	24.27919596
Apex Time - 20.8075 - Resp	21.18387361	21.50046915	21.00052322	22.91564243	22.79792508	22.81776517	21.87159765	21.81290916	21.99074831	23.12468423	22.85373767	23.58415654	23.89837691	23.89942736	24.10905399
Apex Time - 20.8307 - Resp	21.20269105	20.91572967	21.34064075	21.15223516	21.27791057	21.48321438	21.20268485	21.26358462	21.27533749	21.24124993	21.37063412	21.29191671	20.54364293	21.11033759	21.10157822
Apex Time - 20.9502 - Resp	18.09381403	17.75735895	18.13490792	17.88742762	17.95797059	18.16292553	17.94529345	18.07865808	0	17.98941176	18.07705011	17.96406378	17.27279267	17.75257263	17.77681719
Biotin 3TMS	17.38240505	17.35626528	17.51664489	19.61100587	19.58780453	19.69499836	20.00842996	19.77982682	20.52560275	20.94601558	20.57189296	21.05210603	20.90367521	20.73872562	20.72457311
Apex Time - 21.0496 - Resp	24.06316844	23.95636026	24.04678797	24.22126722	24.06861349	24.22803012	23.8661625	23.88394641	23.94192278	24.01786262	23.84129149	23.73575975	23.75511368	24.10517788	23.87039758
Apex Time - 21.1483 - Resp	19.83640445	19.46646838	20.0544071	18.18132195	18.21308414	18.46331129	18.33112791	18.22064536	18.66956209	18.28410594	18.18870991	17.97572096	17.66874649	18.17807632	19.5294768
Apex Time - 21.1794 - Resp	19.02172564	19.102118	19.03561516	19.19692876	19.29890393	19.34496829	18.82667705	18.94361647	18.72431638	19.07840578	19.10222215	18.93779079	18.92190759	19.1122149	18.86774426
Apex Time - 21.3512 - Resp	20.00142402	19.79942488	20.04953353	19.86926445	19.94357236	20.10702321	19.8803029	19.91277364	20.0091258	19.89189625	20.00583907	19.86024693	19.30952561	19.87642061	19.85120057
Apex Time - 21.4269 - Resp	19.51785499	20.41369147	19.08117472	20.56395691	19.62938881	19.6213768	19.39275469	19.90748454	0	19.57066635	0	0	20.31432949	20.49457656	20.14546545
Apex Time - 21.4754 - Resp	22.35802903	22.42888896	21.49067668	24.42836676	24.26230952	24.24430732	23.11223691	22.98768872	23.02255045	25.02756771	24.55112574	25.51218416	25.84343745	25.55720143	25.62731807
Apex Time - 21.4956 - Resp	21.87166318	21.7841022	21.80231597	22.00815521	21.31175447	21.85333262	21.18167507	21.33086661	21.06231592	21.31507239	21.75867345	21.4858566	21.90057076	21.63498392	21.86098002
Apex Time - 21.6597 - Resp	23.2058396	23.05587576	22.97029702	23.19457232	23.03274317	23.09817219	22.959843	22.99056068	23.0040502	22.9069764	22.98148829	22.69132669	22.6395272	23.18840888	22.82148951
Apex Time - 21.6987 - Resp	20.69506727	20.62773391	20.44843087	20.4057213	20.31409595	20.53917411	20.11151292	20.08453204	20.10778633	20.26466445	20.0669439	19.97453901	19.91596892	20.26158265	20.17895931
Apex Time - 21.7047 - Resp	19.99248436	19.9855773	19.86956285	19.74804413	19.71127252	19.88561147	19.50301343	19.50282375	19.48344805	19.68233842	19.59586964	19.48285955	19.31611383	19.61920558	19.5400093
Apex Time - 21.7075 - Resp	19.17232618	19.10362162	19.13883919	19.07271436	19.08688757	19.02759581	18.81679416	18.69748755	0	18.93671996	18.89119591	18.8379841	18.75368318	18.92587475	18.6450571
Apex Time - 21.711 - Resp	23.65722794	23.30702631	23.4360449	23.51904519	23.40639426	23.60961423	23.32399328	23.29230833	23.31075569	23.32872374	23.33733903	23.05812067	23.08124036	23.49851542	23.26167919
Apex Time - 21.766 - Resp	18.49291988	18.41653354	18.11350844	19.17768536	18.9479996	19.11055423	18.43726682	18.68984716	18.40386952	19.40163726	18.54590103	19.26040673	18.82124074	18.78738061	18.84464409
Apex Time - 21.8462 - Resp	19.12267816	19.30090914	19.48531315	19.67170114	19.1672122	19.2755395	18.71043944	19.09487483	19.21487654	19.21911164	18.68866847	19.04431361	19.35333894	19.35682612	19.24211402
Apex Time - 21.949 - Resp	24.45618187	23.15664281	23.9727075	23.2677653	23.15836501	23.02774594	22.45689227	22.71079544	22.07298621	23.05697337	22.95279715	22.86368278	22.71703571	22.82663868	22.05274454
Adenosine 4TMS	26.7174787	26.28081637	26.39859835	26.44016865	26.36676841	26.57576093	26.09088011	26.09357203	26.08532539	26.14654287	26.0345784	25.72854454	25.82972968	26.36023436	26.21029436
Apex Time - 22.1711 - Resp	21.1236505	20.91176732	21.38693525	21.37779109	21.02071715	21.1273128	20.63610093	20.81665514	21.1731688	21.06581596	20.50571394	21.01362636	20.96702352	21.01001293	20.88907752
Apex Time - 22.3153 - Resp	17.79768061	17.71920901	17.39982155	18.99160269	18.87197568	18.97614304	18.31934585	18.62702949	18.72121214	19.58756772	19.56408614	20.3793638	19.75772885	19.44660202	19.61017835
Apex Time - 22.3598 - Resp	18.6402746	18.34362054	18.46296096	19.41766977	19.25848951	19.20893585	19.02593384	18.97907616	19.05824657	19.11521514	19.07440549	18.96837322	18.97257784	18.8128195	18.61624202
Apex Time - 22.4886 - Resp	18.71441648	19.42879472	18.87145428	18.03504618	18.35417355	18.006181	18.84922718	18.47578614	18.79852846	19.3285743	18.99299101	19.76592035	20.25675382	20.01356543	20.0317639
Apex Time - 22.7777 - Resp	24.96037767	23.59967775	23.65130766	23.40648785	23.02566634	22.93293343	22.32936586	22.5001527	22.28176661	22.86422106	22.64618902	22.4828765	22.41327801	22.36320735	22.0471939
Apex Time - 22.8477 - Resp	32.80861698	32.56387601	32.24172111	31.3455032	31.25456034	31.57559811	30.8631417	30.81364222	31.11831843	30.82747386	30.52770882	30.38718718	30.34467595	30.73343343	30.84054952
Apex Time - 22.9918 - Resp	19.61164937	19.211107	19.36385534	19.36363176	19.31736887	19.32865527	18.95702907	19.04765008	19.00023661	19.12547604	18.94329479	18.85587202	19.04902711	19.21137226	19.01041874
Guanosine 5TMS derivative	22.25903675	21.83685629	21.73121981	21.88026756	21.6227218	21.77837401	21.56464348	21.58018112	21.62450691	21.47594214	21.44828105	21.10079929	21.29419055	21.7472127	21.42149119
5-Methylthioadenosine 3TMS derivative	20.61463894	20.14270808	20.22687157	20.2824609	20.16142869	20.37748589	20.0192673	19.95224766	19.89052947	20.12475296	19.88165431	19.83685402	19.98412435	20.1899733	20.07388901
Apex Time - 23.3406 - Resp	23.9921259	24.1728197	24.74028655	23.18201803	23.63371885	23.7514017	23.06652529	23.11597125	23.06114144	23.54799529	23.53671223	23.5743701	23.07948992	23.42379447	23.19658391
Apex Time - 23.4527 - Resp	19.63403459	19.5967841	19.9089535	19.60879387	19.82324773	20.03052944	19.83013724	19.9020742	19.93099084	19.8348609	19.88751188	19.84809854	18.98823999	19.62890993	19.61208265
Apex Time - 23.5156 - Resp	21.50746134	21.6595171	21.5100668	21.62321961	21.49225401	21.6120687	21.22924812	21.11228552	20.89155297	21.28740559	21.354841	21.15198869	21.65107773	21.50427966	21.47295319
Apex Time - 23.5869 - Resp	18.50590137	18.90664753	18.35623047	18.59196104	18.56966991	18.68894231	18.21944816	18.14686731	0	17.96336977	18.22152142	0	18.7062824	18.97325644	18.8597229
Apex Time - 23.8618 - Resp	26.65498079	26.68037049	26.23067854	24.62418595	24.08090455	24.55710869	24.64986965	24.56884418	24.63055788	24.56671898	24.09645623	24.22937918	24.53473029	25.0417474	25.37186373
Apex Time - 23.978 - Resp	21.22726245	20.98087574	21.22281681	21.568253	21.09790513	20.81901856	20.63230765	20.84909066	21.21017077	21.19125863	20.59852966	20.99410319	20.94745978	20.97823751	20.75968402
Apex Time - 24.0266 - Resp	22.88319027	23.3721099	22.93978965	22.89296885	22.8253083	22.95725096	23.03957292	22.88757155	23.43912705	23.09780575	22.88248823	23.15976062	23.31203859	23.41722594	24.02218878
Adenosine-5-monophosphate 5TMS	22.76831792	23.16320998	23.42883867	24.10318816	23.57626271	23.91504002	23.47898751	23.75696909	23.92723178	23.55261882	22.90728525	23.26889981	23.20975322	23.14330633	23.12461115
Apex Time - 25.087 - Resp	20.05655773	18.89543272	18.87669725	19.37688511	18.95228331	18.80903147	17.86192526	17.95072867	17.610955	18.72720387	18.01751567	17.5866445	19.0038655	18.78026697	18.23899459
Apex Time - 25.6561 - Resp	23.89650605	22.85049295	24.08898049	23.24831267	23.37686043	23.37509211	22.77525161	23.07581373	22.09789502	23.72052405	23.66159583	23.48642652	23.00595803	23.28944433	22.25059491
Apex Time - 26.3597 - Resp	22.53795484	21.66614106	22.85990769	22.05430277	22.19140221	22.2427109	21.66190102	21.82666487	20.93994243	22.48276579	22.43620193	22.2324349	21.73358774	22.10258897	21.06881969
Apex Time - 26.6213 - Resp	19.41252122	19.15403517	19.4740206	19.25026783	19.05991469	19.90788761	19.05796873	19.54073969	19.51825586	19.31243216	20.02789441	19.52308007	19.16983297	18.9840276	19.49829407
Apex Time - 27.2971 - Resp	21.62417566	21.38391143	21.78407937	21.85264646	21.56477765	21.54350091	21.27055051	21.52645646	21.52715727	21.64220334	21.35705057	21.79223838	21.37412813	21.26516156	21.15856503
4-hydroxybenzaldehyde	17.39697383	17.07982795	0	17.01432088	17.15706741	16.9155308	16.86538291	17.06713206	17.0074948	16.83448023	16.9220198	17.02740239	17.24219064	16.7585307	16.99418515
Apex Time - 5.696 - Resp	23.05047725	22.63232627	22.55719844	22.4374953	22.53218689	23.17943886	22.3809818	22.57133499	22.48649135	22.88957507	23.06430803	23.04564697	22.60585047	22.51465446	22.57825761
Apex Time - 12.8687 - Resp	19.56624833	19.05377644	19.01512421	19.31582833	19.21346975	0	19.321118	19.45152369	19.37315076	19.02867451	19.45231572	19.26315908	19.02731321	18.82473378	19.19662609
Apex Time - 19.3718 - Resp	19.01150945	18.38242484	17.85029602	18.69402261	18.23127744	18.08027368	18.52717784	18.34081016	17.94504857	18.74325193	18.44296799	18.03866987	18.16437379	18.34045726	17.65117133
Apex Time - 19.5614 - Resp	18.17681501	17.78940854	0	17.90615415	17.7576249	17.82491627	17.76822324	17.83411288	17.83234801	17.73554225	17.45844421	0	17.89276414	17.48944133	17.43715313
Apex Time - 20.7573 - Resp	19.38116457	19.15466145	18.89859697	17.7859333	18.00584234	0	17.85828688	17.71642335	18.32652166	17.91984419	17.85877254	17.7411957	17.83466599	19.7139732	18.08272004
Apex Time - 15.2232 - Resp	17.25601385	0	0	17.56242656	0	0	17.34741388	17.1292715	0	17.40649924	17.6764925	0	17.21344029	17.70034607	17.48377514
Apex Time - 20.4961 - Resp	17.33947979	0	0	17.48249005	0	0	17.36871609	17.23756453	0	17.42805902	17.59490484	17.52976381	17.21754344	0	0
4-hydroxybenzoic acid	21.19260968	20.91437139	20.84757475	20.76308338	20.73818971	20.77633857	20.95031853	20.96807138	20.79265214	0	0	0	20.16083632	20.30097469	0
Apex Time - 20.6639 - Resp	0	0	0	19.9121021	19.92226566	19.62188563	20.84612055	20.91619027	20.2361389	19.59637628	19.60767936	19.19814567	19.07233012	19.00219301	18.85830195
2-Ketoglutaric acid tri-TMS	0	0	0	18.64857643	18.38582563	18.23810826	18.01168327	0	0	20.47817347	20.56096041	21.12442087	21.5345585	21.03052471	20.34817499
Apex Time - 8.6157 - Resp	0	0	0	0	0	0	18.77836933	18.5153729	0	18.44993744	18.83363905	19.14684995	19.20240806	19.02966265	19.03525727
2-phosphoplgyceric acid 4TMS	0	0	0	0	0	0	0	0	0	19.1729156	18.64445433	19.79741901	20.20773682	20.12702255	20.052662
Apex Time - 17.4861 - Resp	0	0	0	0	0	0	0	0	0	19.6383857	19.29955699	19.69180569	20.06468944	19.92581664	19.15620879
